HEDERA_OPERATOR_ID=0.0.7146239
HEDERA_OPERATOR_KEY=3030020100300706052b8104000a04220420fbf629ae246df50a51c8dbdebfa9b59225579de2bacba0dbd24bf09d4e85a015
TOKEN_ID=0.0.7146774